word	pos	neg	1.0	2.0	3.0	4.0	5.0
limited	0.0	0.325	0.12456344586728754	0.13736903376018628	0.15366705471478465	0.30151338766006985	0.2828870779976717
foul	0.0	0.5	0.2	0.1	0.1	0.2	0.4
sleek	0.5	0.0	0.07156133828996282	0.10223048327137546	0.15427509293680297	0.28903345724907065	0.3828996282527881
enjoyable	0.75	0.0	0.06976744186046512	0.06976744186046512	0.046511627906976744	0.4186046511627907	0.3953488372093023
thoughtful	0.5	0.0	0.038461538461538464	0.038461538461538464	0.11538461538461539	0.2692307692307692	0.5384615384615384
grateful	0.5	0.0	0.03571428571428571	0.07142857142857142	0.10714285714285714	0.17857142857142858	0.6071428571428571
dainty	0.5	0.0	0.1875	0.0625	0.125	0.3125	0.3125
messy	0.0	0.5	0.02702702702702703	0.16216216216216217	0.1891891891891892	0.24324324324324326	0.3783783783783784
reluctant	0.0	0.5	0.23529411764705882	0.08235294117647059	0.09411764705882353	0.2	0.38823529411764707
compact	0.0	0.325	0.04951560818083961	0.077502691065662	0.10010764262648009	0.3153928955866523	0.45748116254036597
dreadful	0.0	0.875	0.3157894736842105	0.3157894736842105	0.0	0.21052631578947367	0.15789473684210525
attentive	0.5	0.0	0.0	0.0	0.0	0.2857142857142857	0.7142857142857143
yummy	0.5	0.0	0.0	0.0	0.0	0.0	1.0
outdated	0.0	0.5	0.22580645161290322	0.15053763440860216	0.17204301075268819	0.1827956989247312	0.26881720430107525
concerned	0.5	0.0	0.09090909090909091	0.07317073170731707	0.08647450110864745	0.29711751662971175	0.4523281596452328
disgusting	0.0	0.75	0.5555555555555556	0.1111111111111111	0.1111111111111111	0.0	0.2222222222222222
expert	0.5	0.0	0.13043478260869565	0.09782608695652174	0.08695652173913043	0.30434782608695654	0.3804347826086957
unpleasant	0.0	0.625	0.3142857142857143	0.2	0.2	0.17142857142857143	0.11428571428571428
pleasing	0.5	0.0	0.05263157894736842	0.07368421052631578	0.06315789473684211	0.28421052631578947	0.5263157894736842
friendly	0.5	0.0	0.14662273476112025	0.1186161449752883	0.11202635914332784	0.24052718286655683	0.38220757825370677
overdone	0.0	0.5	0.0	0.0	0.0	0.0	1.0
gloomy	0.0	0.5	0.0	0.0	0.0	1.0	0.0
worst	0.0	1.0	0.6183266932270917	0.12749003984063745	0.09721115537848606	0.08446215139442231	0.07250996015936255
awful	0.0	0.875	0.4342105263157895	0.18796992481203006	0.15037593984962405	0.11842105263157894	0.10902255639097744
authentic	0.5	0.0	0.29333333333333333	0.08	0.16	0.13333333333333333	0.3333333333333333
darling	0.5	0.0	0.0	0.0	0.25	0.0	0.75
cool	0.75	0.0	0.09135883905013192	0.10257255936675462	0.11543535620052771	0.2753957783641161	0.41523746701846964
cheerful	0.5	0.0	0.16666666666666666	0.0	0.16666666666666666	0.25	0.4166666666666667
impressive	0.75	0.0	0.06382978723404255	0.07180851063829788	0.1196808510638298	0.28191489361702127	0.4627659574468085
stiff	0.0	0.5	0.11627906976744186	0.13023255813953488	0.15348837209302327	0.3116279069767442	0.28837209302325584
marvellous	0.75	0.0	0.0	0.0	0.0	0.5	0.5
large	0.5	0.0	0.09672435105067985	0.09517923362175525	0.13226205191594562	0.3389987639060569	0.3368355995055624
minimal	0.0	0.5	0.14794520547945206	0.09315068493150686	0.13972602739726028	0.2547945205479452	0.3643835616438356
quick	0.75	0.0	0.08512954495972132	0.08491182233834095	0.10516002612671456	0.28935336381450033	0.43544524276072283
nondescript	0.0	0.5	0.0	0.0	0.25	0.75	0.0
deplorable	0.0	0.5	0.5714285714285714	0.14285714285714285	0.14285714285714285	0.14285714285714285	0.0
cooperative	0.75	0.0	0.4166666666666667	0.08333333333333333	0.08333333333333333	0.16666666666666666	0.25
tired	0.0	0.5	0.13623188405797101	0.08985507246376812	0.08985507246376812	0.2579710144927536	0.4260869565217391
unexciting 	0.0	0.5	0.0	0.0	0.0	1.0	0.0
elegant	0.5	0.0	0.04591836734693878	0.05612244897959184	0.08673469387755102	0.2857142857142857	0.5255102040816326
fabulous	0.875	0.0	0.06206896551724138	0.09655172413793103	0.06206896551724138	0.15172413793103448	0.6275862068965518
uncomfortable	0.0	0.75	0.16204869857262805	0.1746431570109152	0.1847187237615449	0.28883291351805207	0.1897565071368598
stressful	0.0	0.625	0.0	0.1	0.0	0.2	0.7
ugly	0.0	0.375	0.16964285714285715	0.19642857142857142	0.16666666666666666	0.25595238095238093	0.2113095238095238
poisonous	0.0	0.5	1.0	0.0	0.0	0.0	0.0
musty	0.0	0.5	0.0	1.0	0.0	0.0	0.0
unhelpful	0.0	0.75	0.45	0.25	0.25	0.0	0.05
rotten	0.0	0.5	0.5	0.1	0.1	0.2	0.1
new	0.5	0.0	0.21394902932012463	0.11001038587520971	0.10865223296317009	0.21155228888711353	0.355836062954382
prosaic	0.0	0.5	0.0	0.0	0.0	0.0	1.0
centric	0.5	0.0	1.0	0.0	0.0	0.0	0.0
cozy	0.5	0.0	0.0	0.16666666666666666	0.16666666666666666	0.16666666666666666	0.5
apologetic	0.25	0.0	0.0	0.0	1.0	0.0	0.0
unprofessional	0.0	0.5	0.7	0.25	0.0	0.0	0.05
understanding	0.5	0.0	0.11464968152866242	0.19745222929936307	0.10828025477707007	0.3375796178343949	0.24203821656050956
slow	0.0	0.75	0.19661610268378063	0.15052508751458576	0.16394399066511084	0.27712952158693116	0.2117852975495916
personable	0.625	0.0	1.0	0.0	0.0	0.0	0.0
great	0.875	0.0	0.05569007263922518	0.0567998385794996	0.08820957761635728	0.27764326069410816	0.5216572504708098
brilliant	0.875	0.0	0.04516129032258064	0.05806451612903226	0.0967741935483871	0.25806451612903225	0.5419354838709678
smoky	0.0	0.5	0.0	0.0	1.0	0.0	0.0
accomplished	0.5	0.0	0.34782608695652173	0.043478260869565216	0.15217391304347827	0.21739130434782608	0.2391304347826087
high-tech	0.5	0.0	0.14814814814814814	0.037037037037037035	0.14814814814814814	0.2962962962962963	0.37037037037037035
priceless	0.5	0.0	0.047619047619047616	0.09523809523809523	0.14285714285714285	0.19047619047619047	0.5238095238095238
suitable	0.5	0.0	0.1619047619047619	0.11428571428571428	0.08571428571428572	0.26666666666666666	0.37142857142857144
commendable	0.5	0.0	0.0	0.0	0.0	0.5	0.5
snobby	0.0	0.75	1.0	0.0	0.0	0.0	0.0
whimsical	0.5	0.0	0.0	0.0	0.5	0.0	0.5
breathtaking	0.5	0.0	0.0	0.3333333333333333	0.0	0.6666666666666666	0.0
natural	0.5	0.0	0.09505703422053231	0.09505703422053231	0.09505703422053231	0.311787072243346	0.40304182509505704
uncivil	0.0	0.5	1.0	0.0	0.0	0.0	0.0
smallish	0.0	0.5	0.058823529411764705	0.17647058823529413	0.058823529411764705	0.5882352941176471	0.11764705882352941
sympathetic	0.625	0.0	0.8	0.0	0.0	0.2	0.0
ungainly	0.0	0.5	0.125	0.0	0.375	0.125	0.375
positive	0.75	0.0	0.21635883905013192	0.20448548812664907	0.1424802110817942	0.20316622691292877	0.23350923482849603
negative	0.0	0.75	0.13990461049284578	0.06359300476947535	0.07631160572337042	0.32909379968203495	0.39109697933227344
calm	0.5	0.0	0.42857142857142855	0.10714285714285714	0.25	0.07142857142857142	0.14285714285714285
pert	0.0	0.5	0.15	0.15	0.15	0.25	0.3
tacky	0.0	0.5	0.15	0.21666666666666667	0.13333333333333333	0.21666666666666667	0.2833333333333333
oily	0.0	0.5	0.13636363636363635	0.045454545454545456	0.36363636363636365	0.4090909090909091	0.045454545454545456
pretty	0.75	0.0	0.07498820940103758	0.10674422260650841	0.16884137714195882	0.37179688728187393	0.2776293035686213
staggering	0.5	0.0	0.25	0.0	0.25	0.0	0.5
acceptable	0.25	0.0	0.10772833723653395	0.16627634660421545	0.20608899297423888	0.3114754098360656	0.20843091334894615
charming	0.75	0.0	0.0	0.3333333333333333	0.0	0.3333333333333333	0.3333333333333333
warm	0.5	0.0	0.18633540372670807	0.07453416149068323	0.09937888198757763	0.2546583850931677	0.38509316770186336
dismal	0.0	0.5	0.3333333333333333	0.2916666666666667	0.08333333333333333	0.16666666666666666	0.125
faultless	0.5	0.0	0.0	0.0	0.3333333333333333	0.3333333333333333	0.3333333333333333
excellent	1.0	0.0	0.031957928802589	0.041666666666666664	0.06877022653721683	0.28640776699029125	0.5711974110032363
ok	0.3	0.0	0.13738441215323646	0.17410832232496698	0.2599735799207398	0.24755614266842801	0.1809775429326288
uncool	0.0	0.5	0.25	0.125	0.0	0.375	0.25
glad	0.5	0.0	0.10009532888465204	0.05338417540514776	0.05338417540514776	0.23260247855100094	0.5605338417540515
outmoded	0.0	0.5	0.0	0.0	0.5	0.0	0.5
worn	0.0	0.5	0.10460251046025104	0.1192468619246862	0.14644351464435146	0.2384937238493724	0.3912133891213389
beautiful	0.75	0.0	0.07259073842302878	0.07384230287859825	0.09887359198998748	0.26533166458072593	0.48936170212765956
dedicated	0.5	0.0	0.06751054852320675	0.10970464135021098	0.09282700421940929	0.3881856540084388	0.34177215189873417
prompt	0.5	0.0	0.16892725030826142	0.06658446362515413	0.08508014796547472	0.218249075215783	0.46115906288532676
awesome	0.875	0.0	0.041666666666666664	0.045662100456621	0.06335616438356165	0.2180365296803653	0.6312785388127854
inaccessible	0.0	0.5	0.4166666666666667	0.16666666666666666	0.16666666666666666	0.08333333333333333	0.16666666666666666
organized	0.5	0.0	0.10784313725490197	0.049019607843137254	0.09803921568627451	0.2549019607843137	0.49019607843137253
confused	0.0	0.5	0.10236220472440945	0.10236220472440945	0.12598425196850394	0.25196850393700787	0.41732283464566927
contented	0.5	0.0	0.0	0.0	1.0	0.0	0.0
high	0.75	0.0	0.09203357384773965	0.07568841113238109	0.10042703578265351	0.2481225150935061	0.4837284641437196
battered	0.0	0.5	0.0	0.2	0.2	0.2	0.4
sharp	0.3	0.0	0.06990291262135923	0.09902912621359224	0.11844660194174757	0.3339805825242718	0.3786407766990291
chic	0.5	0.0	0.14465408805031446	0.09433962264150944	0.09433962264150944	0.29559748427672955	0.3710691823899371
indifferent	0.0	0.75	0.7142857142857143	0.07142857142857142	0.07142857142857142	0.07142857142857142	0.07142857142857142
huge	0.75	0.0	0.15281757402101243	0.11270296084049666	0.12989493791786055	0.28653295128939826	0.31805157593123207
comfortable	0.5	0.0	0.047257876312718786	0.07759626604434072	0.11551925320886815	0.322831583041618	0.4367950213924543
colorful	0.5	0.0	0.014598540145985401	0.051094890510948905	0.15328467153284672	0.4306569343065693	0.35036496350364965
awkward	0.0	0.5	0.162109375	0.166015625	0.17578125	0.294921875	0.201171875
flawless	0.75	0.0	0.04229607250755287	0.04833836858006042	0.0649546827794562	0.2598187311178248	0.5845921450151057
amazing	0.875	0.0	0.053128689492325853	0.03482880755608028	0.07024793388429752	0.2319952774498229	0.6097992916174735
undersized	0.0	0.5	0.0	0.0	0.5	0.0	0.5
widespread	0.5	0.0	0.3125	0.1875	0.1875	0.1875	0.125
garish 	0.0	0.5	0.0	0.0	0.0	0.5	0.5
okay	0.3	0.0	0.14077163712200208	0.1710114702815433	0.2575599582898853	0.26903023983315955	0.1616266944734098
rude	0.0	0.5	0.6808510638297872	0.0851063829787234	0.031914893617021274	0.06382978723404255	0.13829787234042554
unobtrusive	0.5	0.0	0.027522935779816515	0.07339449541284404	0.09174311926605505	0.3211009174311927	0.48623853211009177
disgusted	0.0	0.5	0.5882352941176471	0.11764705882352941	0.058823529411764705	0.08823529411764706	0.14705882352941177
panoramic	0.75	0.0	0.0	0.0	0.0	0.2857142857142857	0.7142857142857143
wrong	0.0	0.75	0.2846715328467153	0.11633211678832117	0.11541970802919709	0.20666058394160583	0.27691605839416056
filthy	0.0	0.5	0.1111111111111111	0.3333333333333333	0.1111111111111111	0.0	0.4444444444444444
varied	0.5	0.0	0.14285714285714285	0.07142857142857142	0.07142857142857142	0.5714285714285714	0.14285714285714285
muggy	0.0	0.5	0.0	0.0	0.0	0.0	1.0
snotty	0.0	0.5	0.0	1.0	0.0	0.0	0.0
austere	0.0	0.375	1.0	0.0	0.0	0.0	0.0
splendid	0.75	0.0	0.0	0.0	0.125	0.375	0.5
crowded	0.0	0.5	0.05309734513274336	0.09734513274336283	0.20353982300884957	0.3008849557522124	0.34513274336283184
rowdy	0.0	0.5	0.0	0.0	0.0	0.0	1.0
sickening	0.0	0.5	1.0	0.0	0.0	0.0	0.0
classy	0.5	0.0	0.021739130434782608	0.043478260869565216	0.09782608695652174	0.1956521739130435	0.6413043478260869
exclusive	0.5	0.0	0.1134020618556701	0.10309278350515463	0.15463917525773196	0.29896907216494845	0.32989690721649484
saturated	0.0	0.5	0.125	0.0	0.125	0.375	0.375
satisfied	0.5	0.0	0.05450733752620545	0.04472396925227114	0.07197763801537387	0.33962264150943394	0.4891684136967156
ghastly	0.0	0.5	0.0	0.2857142857142857	0.0	0.7142857142857143	0.0
responsive	0.5	0.0	0.16022099447513813	0.055248618784530384	0.13259668508287292	0.34806629834254144	0.30386740331491713
cold	0.0	0.75	0.2	0.09655172413793103	0.13793103448275862	0.2620689655172414	0.30344827586206896
nasty	0.0	0.875	0.18461538461538463	0.13846153846153847	0.16923076923076924	0.23076923076923078	0.27692307692307694
arrogant	0.0	0.75	0.3333333333333333	0.2222222222222222	0.2222222222222222	0.2222222222222222	0.0
contaminated	0.0	0.5	0.0	1.0	0.0	0.0	0.0
perfect	1.0	0.0	0.04062983270068888	0.04048924504428511	0.06649796147898214	0.24701251230141993	0.605370448474624
superior	0.5	0.0	0.05411255411255411	0.08658008658008658	0.11688311688311688	0.2922077922077922	0.45021645021645024
interesting	0.75	0.0	0.17889908256880735	0.0779816513761468	0.10550458715596331	0.26146788990825687	0.3761467889908257
ample	0.5	0.0	0.057692307692307696	0.07692307692307693	0.11538461538461539	0.3076923076923077	0.4423076923076923
hot	0.0	0.5	0.17587476979742173	0.09023941068139964	0.09944751381215469	0.24769797421731124	0.3867403314917127
willing	0.75	0.0	0.21428571428571427	0.1619047619047619	0.1523809523809524	0.21666666666666667	0.25476190476190474
understated	0.75	0.0	0.0	0.0	0.0	0.25	0.75
spacious	0.5	0.0	0.0	0.0	0.18181818181818182	0.18181818181818182	0.6363636363636364
savory	0.5	0.0	0.0	0.0	0.0	0.0	1.0
disappointing 	0.0	0.75	0.24043715846994534	0.26229508196721313	0.2185792349726776	0.17486338797814208	0.10382513661202186
troubled	0.0	0.5	0.0	0.16666666666666666	0.0	0.3333333333333333	0.5
admirable	0.5	0.0	0.0	0.2	0.2	0.0	0.6
good	0.75	0.0	0.08954758190327614	0.0892702374761657	0.14120298145259144	0.34130698561275785	0.3386722135552089
disrespectful	0.0	0.5	0.0	1.0	0.0	0.0	0.0
dim	0.0	0.5	0.14248704663212436	0.11398963730569948	0.13730569948186527	0.30569948186528495	0.3005181347150259
unrefined	0.0	0.5	0.0	0.5	0.5	0.0	0.0
disrupted	0.0	0.5	0.3333333333333333	0.16666666666666666	0.16666666666666666	0.16666666666666666	0.16666666666666666
qualified	0.5	0.0	0.23809523809523808	0.0	0.19047619047619047	0.23809523809523808	0.3333333333333333
repulsive	0.0	0.5	0.8333333333333334	0.16666666666666666	0.0	0.0	0.0
handy	0.5	0.0	0.02827521206409048	0.049010367577756835	0.1055607917059378	0.3402450518378888	0.47690857681432614
respectful	0.5	0.0	0.6666666666666666	0.0	0.0	0.3333333333333333	0.0
stinking	0.0	0.5	0.0	1.0	0.0	0.0	0.0
comprehensive 	0.75	0.0	0.0	0.1	0.1	0.5	0.3
frayed	0.0	0.5	0.2777777777777778	0.05555555555555555	0.2777777777777778	0.05555555555555555	0.3333333333333333
dingy	0.0	0.625	0.0	0.0	0.0	0.5714285714285714	0.42857142857142855
delightful	0.75	0.0	0.10526315789473684	0.0	0.21052631578947367	0.15789473684210525	0.5263157894736842
spotless	0.5	0.0	0.2	0.2	0.0	0.4	0.2
reasonable	0.5	0.0	0.06951871657754011	0.06417112299465241	0.09893048128342247	0.3141711229946524	0.4532085561497326
shocking	0.0	0.5	0.34782608695652173	0.17391304347826086	0.13043478260869565	0.17391304347826086	0.17391304347826086
disorganized	0.0	0.5	0.4	0.2	0.2	0.2	0.0
exquisite	0.5	0.0	0.0	0.0	0.0	0.3333333333333333	0.6666666666666666
uncaring	0.0	0.5	0.0	0.5	0.5	0.0	0.0
hard	0.0	0.5	0.14434808172864913	0.13023666029692782	0.15596060561516978	0.28913714537703955	0.28031750698221375
surly	0.0	0.75	1.0	0.0	0.0	0.0	0.0
special	0.75	0.0	0.10771470160116449	0.11644832605531295	0.1222707423580786	0.28820960698689957	0.3653566229985444
noiseless	0.5	0.0	0.25	0.25	0.25	0.0	0.25
unoriginal	0.0	0.5	0.0	0.0	0.0	0.5	0.5
wondrous	0.5	0.0	0.0	0.5	0.0	0.0	0.5
unabashed	0.0	0.5	0.0	0.0	0.3333333333333333	0.0	0.6666666666666666
unprepared	0.0	0.5	0.0	0.3333333333333333	0.3333333333333333	0.0	0.3333333333333333
tiresome	0.0	0.5	0.07692307692307693	0.07692307692307693	0.15384615384615385	0.46153846153846156	0.23076923076923078
correct	0.3	0.0	0.2640845070422535	0.11549295774647887	0.13309859154929576	0.22816901408450704	0.2591549295774648
pathetic	0.0	0.75	0.5096153846153846	0.11538461538461539	0.16346153846153846	0.125	0.08653846153846154
free	0.5	0.0	0.14983221476510067	0.09412751677852349	0.10503355704697986	0.2481543624161074	0.4028523489932886
pleasant	0.625	0.0	0.03428571428571429	0.05142857142857143	0.04857142857142857	0.2742857142857143	0.5914285714285714
small	0.5	0.0	0.08824214202561118	0.09417927823050058	0.12339930151338765	0.3338766006984866	0.36030267753201395
unfriendly	0.0	0.75	0.4827586206896552	0.20689655172413793	0.13793103448275862	0.1724137931034483	0.0
greasy	0.0	0.5	0.0975609756097561	0.17073170731707318	0.12195121951219512	0.34146341463414637	0.2682926829268293
enormous	0.5	0.0	0.1794871794871795	0.20512820512820512	0.1282051282051282	0.15384615384615385	0.3333333333333333
unresolved	0.0	0.5	0.25	0.25	0.0	0.25	0.25
inexpensive	0.5	0.0	0.0870712401055409	0.06728232189973615	0.09762532981530343	0.2519788918205805	0.49604221635883905
terrible	0.0	0.875	0.4548989113530327	0.19517884914463451	0.11975116640746501	0.1104199066874028	0.11975116640746501
lousy	0.0	0.5	0.41739130434782606	0.13478260869565217	0.12173913043478261	0.15217391304347827	0.17391304347826086
funky	0.0	0.75	0.07246376811594203	0.057971014492753624	0.14492753623188406	0.36231884057971014	0.36231884057971014
tangled	0.0	0.5	0.08666666666666667	0.1	0.12666666666666668	0.28	0.4066666666666667
tempting	0.5	0.0	0.2857142857142857	0.0	0.21428571428571427	0.2857142857142857	0.21428571428571427
loud	0.0	0.5	0.08733347430746458	0.10065552971029816	0.13174032565024318	0.3349545358426729	0.3453161344893212
jumbled	0.0	0.5	0.3076923076923077	0.38461538461538464	0.07692307692307693	0.15384615384615385	0.07692307692307693
naughty	0.0	0.5	0.3333333333333333	0.3333333333333333	0.3333333333333333	0.0	0.0
clumsy	0.0	0.5	0.09815950920245399	0.1411042944785276	0.17791411042944785	0.3067484662576687	0.27607361963190186
delicious	0.5	0.0	0.2	0.2	0.0	0.2	0.4
steamy	0.0	0.5	0.5	0.5	0.0	0.0	0.0
bland	0.0	0.5	0.0	0.09090909090909091	0.18181818181818182	0.6363636363636364	0.09090909090909091
soundproof 	0.5	0.0	0.0	0.0	1.0	0.0	0.0
monotonous	0.0	0.5	0.0	0.0	0.0	0.0	1.0
silent	0.5	0.0	0.15914489311163896	0.1377672209026128	0.166270783847981	0.2921615201900237	0.24465558194774348
murky	0.0	0.5	0.6666666666666666	0.3333333333333333	0.0	0.0	0.0
top	0.75	0.0	0.14385474860335196	0.10474860335195531	0.13128491620111732	0.2838687150837989	0.3362430167597765
comfy	0.5	0.0	0.056910569105691054	0.056910569105691054	0.17886178861788618	0.3333333333333333	0.37398373983739835
lamentable	0.0	0.5	1.0	0.0	0.0	0.0	0.0
plentiful	0.75	0.0	0.0	0.058823529411764705	0.23529411764705882	0.4117647058823529	0.29411764705882354
bum	0.0	0.5	0.19384615384615383	0.15076923076923077	0.16307692307692306	0.21384615384615385	0.2784615384615385
wonderful	0.75	0.0	0.06875543951261967	0.06179286335944299	0.08703220191470844	0.24717145343777197	0.5352480417754569
grimy	0.0	0.5	0.0	0.0	0.0	0.0	1.0
airy	0.5	0.0	0.0	0.0	1.0	0.0	0.0
inconvenient	0.0	0.75	0.1774193548387097	0.16666666666666666	0.22580645161290322	0.26881720430107525	0.16129032258064516
inefficient	0.0	0.5	0.16666666666666666	0.4166666666666667	0.16666666666666666	0.08333333333333333	0.16666666666666666
offhand	0.0	0.5	0.0	0.0	1.0	0.0	0.0
dreary	0.0	0.5	0.0	0.0	0.0	1.0	0.0
obsolete	0.0	0.5	0.18571428571428572	0.1	0.07142857142857142	0.2857142857142857	0.35714285714285715
gruesome	0.0	0.5	1.0	0.0	0.0	0.0	0.0
overwhelming	0.0	0.75	0.13513513513513514	0.08108108108108109	0.05405405405405406	0.24324324324324326	0.4864864864864865
wide	0.5	0.0	0.09421487603305785	0.1140495867768595	0.14214876033057852	0.3140495867768595	0.33553719008264465
kind	0.625	0.0	0.12827324478178367	0.11347248576850096	0.15294117647058825	0.29753320683111956	0.3077798861480076
objectionable	0.0	0.5	0.0	0.2	0.0	0.0	0.8
boring	0.0	0.5	0.06593406593406594	0.07692307692307693	0.12087912087912088	0.3076923076923077	0.42857142857142855
outrageous	0.0	0.5	0.30434782608695654	0.11594202898550725	0.07246376811594203	0.2028985507246377	0.30434782608695654
appealing	0.75	0.0	0.18292682926829268	0.14634146341463414	0.12195121951219512	0.3048780487804878	0.24390243902439024
spoiled	0.0	0.5	0.1791044776119403	0.208955223880597	0.14925373134328357	0.23880597014925373	0.22388059701492538
stale	0.0	0.5	0.0	0.2	0.4	0.2	0.2
sultry	0.0	0.5	0.0	0.0	0.0	0.0	1.0
outstanding	1.0	0.0	0.03800475059382423	0.028503562945368172	0.0855106888361045	0.25653206650831356	0.5914489311163895
modern	0.5	0.0	0.08	0.13333333333333333	0.12666666666666668	0.26	0.4
tidy	0.5	0.0	0.07692307692307693	0.0	0.0	0.15384615384615385	0.7692307692307693
juicy	0.5	0.0	0.0	0.0	0.5	0.5	0.0
untrained	0.0	0.5	0.3333333333333333	0.3333333333333333	0.3333333333333333	0.0	0.0
gentle	0.5	0.0	0.22962962962962963	0.16296296296296298	0.08888888888888889	0.2518518518518518	0.26666666666666666
cognizant	0.5	0.0	0.0	0.25	0.0	0.25	0.5
blissful	0.5	0.0	0.3333333333333333	0.3333333333333333	0.0	0.0	0.3333333333333333
mawkish	0.0	0.5	0.0	0.0	1.0	0.0	0.0
lumpy	0.0	0.5	0.2	0.0	0.2	0.4	0.2
genuine	0.5	0.0	0.18681318681318682	0.0695970695970696	0.08791208791208792	0.12454212454212454	0.5311355311355311
haywire	0.0	0.5	0.5882352941176471	0.23529411764705882	0.058823529411764705	0.058823529411764705	0.058823529411764705
fashionable	0.5	0.0	0.05	0.0	0.1	0.38333333333333336	0.4666666666666667
efficient	0.5	0.0	0.0427807486631016	0.08021390374331551	0.15508021390374332	0.28342245989304815	0.4385026737967914
convenient	0.625	0.0	0.05909090909090909	0.0809090909090909	0.11818181818181818	0.3109090909090909	0.4309090909090909
uncouth	0.0	0.5	0.0	0.0	0.0	0.0	1.0
able	0.5	0.0	0.1399662731871838	0.10286677908937605	0.13134719880082443	0.2806820311036163	0.34513771781899943
terrific	1.0	0.0	0.0635593220338983	0.038135593220338986	0.046610169491525424	0.22033898305084745	0.6313559322033898
ideal	1.0	0.0	0.0763888888888889	0.10069444444444445	0.14583333333333334	0.3159722222222222	0.3611111111111111
demolished	0.0	0.5	0.0	0.0	0.5	0.0	0.5
amusing	0.5	0.0	0.14285714285714285	0.07142857142857142	0.21428571428571427	0.21428571428571427	0.35714285714285715
yucky	0.0	0.5	0.25	0.0	0.5	0.0	0.25
experienced	0.5	0.0	0.18512396694214875	0.10578512396694215	0.14214876033057852	0.2578512396694215	0.3090909090909091
multilingual	0.5	0.0	0.0	0.0	0.0	1.0	0.0
harmful	0.0	0.5	0.18181818181818182	0.18181818181818182	0.0	0.09090909090909091	0.5454545454545454
expired	0.0	0.5	0.5533333333333333	0.1	0.15333333333333332	0.06666666666666667	0.12666666666666668
horrid	0.0	0.5	0.4666666666666667	0.15555555555555556	0.13333333333333333	0.13333333333333333	0.1111111111111111
surprising	0.75	0.0	0.03723404255319149	0.05053191489361702	0.11436170212765957	0.3803191489361702	0.4175531914893617
enthusiastic	0.625	0.0	0.15789473684210525	0.10526315789473684	0.21052631578947367	0.10526315789473684	0.42105263157894735
upset	0.0	0.5	0.3404255319148936	0.18085106382978725	0.14893617021276595	0.14361702127659576	0.18617021276595744
unreasonable	0.0	0.5	0.07692307692307693	0.15384615384615385	0.19230769230769232	0.2692307692307692	0.3076923076923077
rancid	0.0	0.5	1.0	0.0	0.0	0.0	0.0
astonishing	0.75	0.0	0.0625	0.0	0.125	0.5	0.3125
orderly	0.5	0.0	0.0	0.0	0.5	0.0	0.5
cramped	0.0	0.75	0.0851063829787234	0.10638297872340426	0.10638297872340426	0.46808510638297873	0.23404255319148937
clean	0.5	0.0	0.11400651465798045	0.08034744842562432	0.14332247557003258	0.28555917480998916	0.3767643865363735
professional	0.5	0.0	0.09647058823529411	0.05411764705882353	0.08941176470588236	0.2917647058823529	0.4682352941176471
entertaining	0.5	0.0	0.11764705882352941	0.0	0.11764705882352941	0.20588235294117646	0.5588235294117647
annoyed	0.0	0.625	0.22033898305084745	0.1694915254237288	0.1440677966101695	0.2711864406779661	0.19491525423728814
uninterested	0.0	0.75	0.5	0.0	0.0	0.0	0.5
discontent	0.0	0.5	0.0	0.0	1.0	0.0	0.0
walking	0.5	0.0	0.11505681818181818	0.10795454545454546	0.13494318181818182	0.33238636363636365	0.3096590909090909
overpriced	0.5	0.0	0.36	0.14	0.12666666666666668	0.18	0.19333333333333333
scorched	0.0	0.5	0.0	0.0	1.0	0.0	0.0
contemporary	0.125	0.0	0.0	0.0	0.0	0.9166666666666666	0.08333333333333333
bright	0.5	0.0	0.04980340760157274	0.09174311926605505	0.11533420707732635	0.3401048492791612	0.4030144167758847
gratified	0.5	0.0	0.0	0.0	0.0	0.0	1.0
rough	0.0	0.5	0.12534818941504178	0.11142061281337047	0.1615598885793872	0.2785515320334262	0.3231197771587744
fine	0.5	0.0	0.12753666123537255	0.10487335209598578	0.1623463190638424	0.3085468819434158	0.2966967856613835
pleased	0.625	0.0	0.042709867452135494	0.03436426116838488	0.051055473735886106	0.3240058910162003	0.5478645066273933
inspiring	0.5	0.0	0.5	0.0	0.0	0.0	0.5
busy	0.0	0.5	0.15714285714285714	0.09285714285714286	0.12142857142857143	0.275	0.3535714285714286
delinquent	0.0	0.5	0.0	0.0	1.0	0.0	0.0
stained	0.0	0.5	0.15384615384615385	0.07692307692307693	0.0	0.6153846153846154	0.15384615384615385
unhappy	0.0	0.5	0.4942528735632184	0.11494252873563218	0.11494252873563218	0.14942528735632185	0.12643678160919541
rich	0.5	0.0	0.042682926829268296	0.06707317073170732	0.1402439024390244	0.31097560975609756	0.43902439024390244
knowledgeable	0.5	0.0	0.16666666666666666	0.03333333333333333	0.06666666666666667	0.36666666666666664	0.36666666666666664
adequate	0.5	0.0	0.09902912621359224	0.10485436893203884	0.1786407766990291	0.31650485436893205	0.30097087378640774
gratis	0.5	0.0	0.0	0.0	0.0	1.0	0.0
exceptional	0.75	0.0	0.0438871473354232	0.034482758620689655	0.09404388714733543	0.2946708463949843	0.5329153605015674
unbeatable	0.75	0.0	0.025974025974025976	0.0	0.05194805194805195	0.2597402597402597	0.6623376623376623
unacceptable	0.0	0.5	0.2839506172839506	0.41975308641975306	0.12345679012345678	0.11728395061728394	0.05555555555555555
inappropriate 	0.0	0.5	0.5555555555555556	0.1111111111111111	0.0	0.3333333333333333	0.0
famous	0.5	0.0	0.14285714285714285	0.21428571428571427	0.0	0.32142857142857145	0.32142857142857145
understaffed	0.0	0.5	1.0	0.0	0.0	0.0	0.0
valuable	0.5	0.0	0.22641509433962265	0.16981132075471697	0.07547169811320754	0.20754716981132076	0.32075471698113206
sassy	0.0	0.75	0.0	0.0	1.0	0.0	0.0
impolite	0.0	0.5	0.25	0.5	0.0	0.25	0.0
bad	0.0	0.625	0.2617792141520667	0.15240687191699268	0.16771559789079776	0.21415206667800646	0.20394624936213643
stupid	0.0	0.75	0.3003731343283582	0.15485074626865672	0.14365671641791045	0.17164179104477612	0.2294776119402985
courteous	0.5	0.0	0.1	0.12	0.08	0.22	0.48
available	0.5	0.0	0.12295081967213115	0.07604735883424409	0.1111111111111111	0.2996357012750455	0.39025500910746813
unworthy	0.0	0.5	0.0	0.0	0.0	1.0	0.0
scruffy	0.0	0.5	0.0	1.0	0.0	0.0	0.0
fascinating	0.75	0.0	0.0	0.0	0.2	0.2	0.6
fluffy	0.5	0.0	0.0	0.0	0.6666666666666666	0.3333333333333333	0.0
smiling	0.5	0.0	0.16666666666666666	0.0	0.16666666666666666	0.3333333333333333	0.3333333333333333
best	1.0	0.0	0.06752995280164589	0.05566985356408084	0.07527532373230061	0.2461575698898705	0.5553673000121021
satisfying	0.5	0.0	0.06557377049180328	0.03278688524590164	0.08196721311475409	0.3114754098360656	0.5081967213114754
insulting	0.0	0.5	0.2	0.0	0.4	0.4	0.0
superb	0.875	0.0	0.037463976945244955	0.05187319884726225	0.07492795389048991	0.23054755043227665	0.6051873198847262
unable	0.0	0.75	0.3273092369477912	0.18875502008032127	0.13654618473895583	0.1646586345381526	0.1827309236947791
tainted	0.0	0.5	0.2	0.2	0.2	0.2	0.2
worrying 	0.0	0.5	0.0759493670886076	0.05063291139240506	0.11392405063291139	0.22784810126582278	0.5316455696202531
horrible	0.0	0.75	0.47030497592295345	0.18378812199036917	0.10032102728731943	0.12279293739967898	0.12279293739967898
crude	0.0	0.5	0.09090909090909091	0.09090909090909091	0.18181818181818182	0.45454545454545453	0.18181818181818182
disgruntled	0.0	0.5	0.5	0.0	0.08333333333333333	0.16666666666666666	0.25
skimpy	0.0	0.5	0.1875	0.1875	0.125	0.375	0.125
affordable	0.5	0.0	0.03986710963455149	0.03986710963455149	0.06312292358803986	0.2956810631229236	0.5614617940199336
lazy	0.0	0.75	0.08163265306122448	0.14285714285714285	0.14285714285714285	0.30612244897959184	0.32653061224489793
amused	0.5	0.0	0.2	0.3	0.1	0.1	0.3
weak	0.0	0.5	0.18712871287128713	0.1702970297029703	0.16930693069306932	0.26732673267326734	0.20594059405940593
adept	0.5	0.0	0.1	0.2	0.2	0.3	0.2
competent	0.5	0.0	0.1	0.15	0.2	0.35	0.2
precious	0.5	0.0	0.2391304347826087	0.021739130434782608	0.1956521739130435	0.2608695652173913	0.2826086956521739
pissed	0.0	0.5	0.5	0.17391304347826086	0.10869565217391304	0.06521739130434782	0.15217391304347827
quiet	0.5	0.0	0.15160642570281124	0.17771084337349397	0.1927710843373494	0.25301204819277107	0.2248995983935743
fulfilled	0.75	0.0	0.36666666666666664	0.1	0.06666666666666667	0.23333333333333334	0.23333333333333334
disastrous	0.0	0.75	0.2222222222222222	0.1111111111111111	0.1111111111111111	0.2222222222222222	0.3333333333333333
gorgeous	0.75	0.0	0.022556390977443608	0.06015037593984962	0.09774436090225563	0.37593984962406013	0.44360902255639095
hollow	0.0	0.5	0.21818181818181817	0.14545454545454545	0.12727272727272726	0.2727272727272727	0.23636363636363636
improper	0.0	0.5	0.30434782608695654	0.13043478260869565	0.08695652173913043	0.30434782608695654	0.17391304347826086
loaded	0.0	0.5	0.15229885057471265	0.09770114942528736	0.09482758620689655	0.25862068965517243	0.39655172413793105
expensive	0.0	0.5	0.14555669050051073	0.09601634320735444	0.12002042900919306	0.2727272727272727	0.36567926455566907
unusual	0.5	0.0	0.14035087719298245	0.14035087719298245	0.14035087719298245	0.2894736842105263	0.2894736842105263
capable	0.5	0.0	0.12751677852348994	0.07718120805369127	0.12751677852348994	0.3221476510067114	0.34563758389261745
decent	0.5	0.0	0.08322496749024708	0.12093628088426528	0.20849588209796271	0.3368010403120936	0.2505418292154313
damp	0.0	0.5	0.13793103448275862	0.10344827586206896	0.13793103448275862	0.3103448275862069	0.3103448275862069
informed	0.5	0.0	0.5439560439560439	0.14835164835164835	0.08241758241758242	0.10989010989010989	0.11538461538461539
tiny	0.0	0.5	0.10687022900763359	0.11354961832061068	0.14885496183206107	0.3101145038167939	0.32061068702290074
coarse	0.0	0.5	0.08333333333333333	0.25	0.08333333333333333	0.3333333333333333	0.25
peaceful	0.5	0.0	0.25	0.25	0.0	0.0	0.5
lovely	0.75	0.0	0.10588235294117647	0.10588235294117647	0.21176470588235294	0.24705882352941178	0.32941176470588235
incompetent	0.0	0.75	0.8717948717948718	0.05128205128205128	0.05128205128205128	0.02564102564102564	0.0
relaxing	0.5	0.0	0.1	0.1	0.1	0.4	0.3
tasteless	0.0	0.5	0.0	1.0	0.0	0.0	0.0
homely	0.5	0.0	0.0	0.0	1.0	0.0	0.0
pricey	0.0	0.5	0.05555555555555555	0.045454545454545456	0.10606060606060606	0.3484848484848485	0.4444444444444444
hateful	0.0	0.5	1.0	0.0	0.0	0.0	0.0
chatty	0.5	0.0	0.3333333333333333	0.0	0.3333333333333333	0.0	0.3333333333333333
sad	0.0	0.5	0.2838541666666667	0.16927083333333334	0.1640625	0.16145833333333334	0.22135416666666666
pitiful	0.0	0.5	0.36363636363636365	0.2727272727272727	0.045454545454545456	0.2727272727272727	0.045454545454545456
gracious	0.75	0.0	0.5	0.125	0.125	0.125	0.125
welcoming	0.5	0.0	0.0	0.0	0.5	0.0	0.5
reliable	0.5	0.0	0.12870275791624106	0.09703779366700716	0.12155260469867211	0.25944841675178754	0.39325842696629215
accommodating	0.5	0.0	0.17647058823529413	0.11764705882352941	0.11764705882352941	0.11764705882352941	0.47058823529411764
pretentious	0.0	0.5	0.0	0.0	0.16666666666666666	0.5	0.3333333333333333
dusty	0.0	0.5	0.3076923076923077	0.0	0.11538461538461539	0.23076923076923078	0.34615384615384615
stunning	0.75	0.0	0.0975609756097561	0.07317073170731707	0.14634146341463414	0.2682926829268293	0.4146341463414634
neat	0.5	0.0	0.08438818565400844	0.09915611814345991	0.0970464135021097	0.31645569620253167	0.4029535864978903
unsatisfactory	0.0	0.5	0.2916666666666667	0.25	0.16666666666666666	0.125	0.16666666666666666
costly	0.0	0.5	0.1694915254237288	0.0847457627118644	0.11864406779661017	0.2542372881355932	0.3728813559322034
ripe	0.5	0.0	0.2	0.2	0.0	0.2	0.4
disappointing	0.0	0.75	0.27621483375959077	0.2608695652173913	0.20971867007672634	0.16879795396419436	0.08439897698209718
ready	0.5	0.0	0.16145833333333334	0.09375	0.11328125	0.23177083333333334	0.3997395833333333
obnoxious	0.0	0.5	0.15584415584415584	0.19480519480519481	0.14285714285714285	0.35064935064935066	0.15584415584415584
funny	0.5	0.0	0.18604651162790697	0.06511627906976744	0.12093023255813953	0.33488372093023255	0.2930232558139535
harsh	0.0	0.5	0.15517241379310345	0.15517241379310345	0.1896551724137931	0.1724137931034483	0.3275862068965517
haphazard	0.0	0.5	0.0	0.5	0.0	0.0	0.5
difficult	0.0	0.75	0.16323529411764706	0.15257352941176472	0.17352941176470588	0.2933823529411765	0.2172794117647059
fatty	0.0	0.5	0.5	0.5	0.0	0.0	0.0
swell	0.5	0.0	0.2777777777777778	0.16666666666666666	0.16666666666666666	0.16666666666666666	0.2222222222222222
impeccable	0.75	0.0	0.0	0.0	0.0	0.16666666666666666	0.8333333333333334
narrow	0.0	0.5	0.14615384615384616	0.07692307692307693	0.12307692307692308	0.36153846153846153	0.2923076923076923
stupendous	0.75	0.0	0.0	0.3333333333333333	0.0	0.0	0.6666666666666666
inelegant	0.0	0.5	0.3333333333333333	0.0	0.0	0.3333333333333333	0.3333333333333333
unconcerned	0.0	0.5	0.3333333333333333	0.3333333333333333	0.0	0.0	0.3333333333333333
ragged	0.0	0.5	0.0	0.5	0.0	0.5	0.0
stinky	0.0	0.5	0.0	0.0	0.0	0.0	1.0
grumpy	0.0	0.625	0.0	0.25	0.25	0.25	0.25
mislaid	0.0	0.5	0.0	0.0	1.0	0.0	0.0
charged	0.0	0.5	0.2633808240277243	0.10666153253754332	0.10435117443203697	0.18059299191374664	0.3450134770889488
extortionate	0.0	0.5	0.0	0.0	1.0	0.0	0.0
excessive	0.0	0.5	0.13636363636363635	0.18181818181818182	0.12727272727272726	0.21818181818181817	0.33636363636363636
humdrum	0.0	0.5	0.0	0.0	0.5	0.0	0.5
fantastic	0.75	0.0	0.056128293241695305	0.03665521191294387	0.07216494845360824	0.23711340206185566	0.5979381443298969
competitive	0.5	0.0	0.09722222222222222	0.09722222222222222	0.05555555555555555	0.3194444444444444	0.4305555555555556
distant	0.0	0.5	0.25	0.10526315789473684	0.25	0.25	0.14473684210526316
abrupt	0.0	0.75	0.08333333333333333	0.25	0.3333333333333333	0.25	0.08333333333333333
keen	0.875	0.0	0.058823529411764705	0.0	0.23529411764705882	0.29411764705882354	0.4117647058823529
roomy	0.5	0.0	0.0	0.0	0.07142857142857142	0.21428571428571427	0.7142857142857143
generous	0.5	0.0	0.16071428571428573	0.125	0.14285714285714285	0.30357142857142855	0.26785714285714285
renewed	0.5	0.0	0.2682926829268293	0.12195121951219512	0.0975609756097561	0.24390243902439024	0.2682926829268293
repetitious	0.0	0.5	0.0	0.0	0.0	0.0	1.0
eager	0.625	0.0	0.2553191489361702	0.2978723404255319	0.10638297872340426	0.06382978723404255	0.2765957446808511
attractive	0.75	0.0	0.08187134502923976	0.08382066276803118	0.1111111111111111	0.33528265107212474	0.38791423001949316
easy	0.625	0.0	0.03933243121335137	0.060081190798376184	0.09643662607126748	0.3250338294993234	0.47911592241768153
extensive	0.5	0.0	0.07441860465116279	0.06976744186046512	0.11162790697674418	0.3116279069767442	0.4325581395348837
useless	0.0	0.625	0.4367816091954023	0.20554428668018931	0.13657876943881	0.1257606490872211	0.09533468559837728
spectacular	0.75	0.0	0.030303030303030304	0.1111111111111111	0.10101010101010101	0.31313131313131315	0.4444444444444444
big	0.5	0.0	0.12218649517684887	0.10610932475884244	0.13995599932306652	0.3218818751057709	0.3098663056354713
discreet	0.625	0.0	0.0379746835443038	0.06329113924050633	0.0759493670886076	0.31645569620253167	0.5063291139240507
dreamy	0.5	0.0	0.0	0.0	0.0	0.0	1.0
confined	0.0	0.5	0.1	0.1	0.0	0.3	0.5
unique	0.5	0.0	0.07784431137724551	0.06287425149700598	0.08682634730538923	0.3413173652694611	0.4311377245508982
burnt	0.0	0.5	0.4166666666666667	0.16666666666666666	0.08333333333333333	0.16666666666666666	0.16666666666666666
helpful	0.5	0.0	0.1400560224089636	0.08543417366946779	0.11624649859943978	0.2549019607843137	0.40336134453781514
blunt	0.0	0.5	0.625	0.0	0.0	0.375	0.0
discarded	0.0	0.5	0.3888888888888889	0.05555555555555555	0.0	0.2222222222222222	0.3333333333333333
informative	0.5	0.0	0.06666666666666667	0.0	0.06666666666666667	0.3333333333333333	0.5333333333333333
sparse	0.0	0.5	0.0	0.13333333333333333	0.26666666666666666	0.4666666666666667	0.13333333333333333
stylish	0.5	0.0	0.07210884353741497	0.0653061224489796	0.10884353741496598	0.29523809523809524	0.45850340136054424
substandard	0.0	0.5	0.5348837209302325	0.18604651162790697	0.13953488372093023	0.09302325581395349	0.046511627906976744
soft	0.5	0.0	0.18874578350199325	0.10947562097516099	0.13477460901563937	0.2752223244403557	0.29178166206685063
healthy	0.5	0.0	0.5	0.0	0.25	0.0	0.25
inexperienced	0.0	0.5	0.0	0.5	0.0	0.0	0.5
accessible	0.5	0.0	0.028455284552845527	0.04878048780487805	0.12195121951219512	0.33739837398373984	0.4634146341463415
satisfactory	0.5	0.0	0.1056338028169014	0.07746478873239436	0.14788732394366197	0.3591549295774648	0.30985915492957744
old	0.0	0.5	0.17683118516189877	0.11474379126060986	0.1169443571204024	0.2338887142408048	0.3575919522162842
shabby	0.0	0.5	0.2	0.05	0.3	0.15	0.3
obliged	0.625	0.0	0.2	0.2	0.0	0.4	0.2
magnificent	0.75	0.0	0.0625	0.0625	0.125	0.0	0.75
overheated	0.0	0.5	0.75	0.125	0.125	0.0	0.0
dead	0.0	0.5	0.3494983277591973	0.12207357859531773	0.13294314381270902	0.16555183946488294	0.229933110367893
trendy	0.5	0.0	0.03278688524590164	0.2459016393442623	0.13114754098360656	0.39344262295081966	0.19672131147540983
divine	0.5	0.0	0.0	0.3333333333333333	0.0	0.0	0.6666666666666666
stuffy	0.0	0.5	0.0	0.0	0.0	0.0	1.0
amicable	0.5	0.0	0.0	0.0	0.0	0.0	1.0
confusing	0.0	0.625	0.11409395973154363	0.12080536912751678	0.17785234899328858	0.3288590604026846	0.25838926174496646
luxe	0.625	0.0	0.0	0.2	0.0	0.4	0.4
nauseating	0.0	0.5	0.0	0.0	0.5	0.5	0.0
proficient	0.5	0.0	0.0	0.125	0.25	0.25	0.375
appreciative	0.5	0.0	0.0	0.0	0.0	0.25	0.75
icy	0.0	0.75	0.3333333333333333	0.0	0.0	0.6666666666666666	0.0
economical	0.25	0.0	0.03571428571428571	0.05357142857142857	0.07142857142857142	0.32142857142857145	0.5178571428571429
apathetic	0.0	0.5	1.0	0.0	0.0	0.0	0.0
palatable	0.5	0.0	0.0	0.0	0.0	1.0	0.0
patient	0.5	0.0	0.14018691588785046	0.1308411214953271	0.12149532710280374	0.308411214953271	0.29906542056074764
intimate	0.5	0.0	0.3333333333333333	0.16666666666666666	0.16666666666666666	0.16666666666666666	0.16666666666666666
brassy	0.0	0.5	1.0	0.0	0.0	0.0	0.0
broken	0.0	0.5	0.33854645814167433	0.16467341306347746	0.12787488500459981	0.19319227230910763	0.17571297148114076
worthy	0.5	0.0	0.16417910447761194	0.07462686567164178	0.08955223880597014	0.29850746268656714	0.373134328358209
memorable	0.75	0.0	0.0	0.3333333333333333	0.0	0.0	0.6666666666666666
noisy	0.0	0.75	0.06872852233676977	0.09278350515463918	0.15807560137457044	0.36884306987399773	0.3115693012600229
undeserving 	0.0	0.5	0.0	0.0	1.0	0.0	0.0
inconsiderate	0.0	0.75	1.0	0.0	0.0	0.0	0.0
central	0.5	0.0	0.12087912087912088	0.07692307692307693	0.10989010989010989	0.2967032967032967	0.3956043956043956
serviceable	0.5	0.0	0.05405405405405406	0.16216216216216217	0.2702702702702703	0.2702702702702703	0.24324324324324326
frightful	0.0	0.5	0.0	1.0	0.0	0.0	0.0
repellent	0.0	0.5	0.5	0.0	0.0	0.0	0.5
stretched 	0.0	0.5	0.13513513513513514	0.20270270270270271	0.08108108108108109	0.22972972972972974	0.35135135135135137
insufficient	0.0	0.5	0.2727272727272727	0.09090909090909091	0.15151515151515152	0.21212121212121213	0.2727272727272727
deranged	0.0	0.5	0.0	0.0	1.0	0.0	0.0
misplaced	0.0	0.5	0.11940298507462686	0.07462686567164178	0.05970149253731343	0.2537313432835821	0.4925373134328358
delighted	0.5	0.0	0.08433734939759036	0.04819277108433735	0.024096385542168676	0.1927710843373494	0.6506024096385542
thankful	0.5	0.0	0.2875816993464052	0.1111111111111111	0.11764705882352941	0.1830065359477124	0.3006535947712418
appropriate	0.5	0.0	0.12790697674418605	0.06395348837209303	0.12790697674418605	0.3313953488372093	0.3488372093023256
smelly	0.0	0.5	0.5	0.0	0.0	0.0	0.5
lively	0.5	0.0	0.0	0.0	0.0	0.5	0.5
